Igrac - a
	Figura 1 (SuperFastFigure, Crvena) - predjeni put  (0, 5)  (1, 6)  (2, 7)  (3, 8)  (4, 9)  (5, 8)  (6, 7)  (7, 6)  (8, 5)  (9, 4)  (8, 3)  (7, 2)  (6, 1)  (5, 0)  (4, 1)  (3, 2)  (2, 3)  (1, 4)  (1, 5)  (2, 6)  (3, 7)  (4, 8)  (5, 7)  (6, 6)  (7, 5)  (8, 4)  (7, 3)  (6, 2)  (5, 1)  (4, 2)  (3, 3)  (2, 4)  (2, 5)  (3, 6)  (4, 7)  (5, 6)  (6, 5)  (7, 4)  (6, 3)  (5, 2)  (4, 3)  - stigla do cilja ne vrijeme provedeno igrajuci: 1:53
	Figura 2 (SuperFastFigure, Crvena) - predjeni put  (0, 5)  (1, 6)  (2, 7)  (3, 8)  (4, 9)  (5, 8)  (6, 7)  (7, 6)  (8, 5)  (9, 4)  (8, 3)  (7, 2)  (6, 1)  (5, 0)  (4, 1)  (3, 2)  (2, 3)  (1, 4)  (1, 5)  (2, 6)  (3, 7)  - stigla do cilja ne vrijeme provedeno igrajuci: 0:48
	Figura 3 (RegularFigure, Crvena) - predjeni put  (0, 5)  (1, 6)  - stigla do cilja ne vrijeme provedeno igrajuci: 0:5
	Figura 4 (FlyingFigure, Crvena) - predjeni put  (0, 5)  (1, 6)  (2, 7)  (3, 8)  (4, 9)  (5, 8)  (6, 7)  (7, 6)  (8, 5)  (9, 4)  (8, 3)  (7, 2)  (6, 1)  (5, 0)  (4, 1)  (3, 2)  (2, 3)  (1, 4)  (1, 5)  (2, 6)  (3, 7)  (4, 8)  (5, 7)  (6, 6)  (7, 5)  (8, 4)  (7, 3)  (6, 2)  (5, 1)  (4, 2)  (3, 3)  (2, 4)  (2, 5)  (3, 6)  (4, 7)  (5, 6)  (6, 5)  (7, 4)  (6, 3)  (5, 2)  (4, 3)  (3, 4)  (3, 5)  (4, 6)  (5, 5)  (6, 4)  (5, 3)  (4, 4)  (4, 5)  (5, 4)  - stigla do cilja da vrijeme provedeno igrajuci: 4:46
Igrac - v
	Figura 1 (FlyingFigure, Zelena) - predjeni put  (0, 5)  (1, 6)  (2, 7)  (3, 8)  (4, 9)  (5, 8)  (6, 7)  (7, 6)  (8, 5)  (9, 4)  (8, 3)  (7, 2)  (6, 1)  (5, 0)  (4, 1)  (3, 2)  (2, 3)  (1, 4)  (1, 5)  (2, 6)  (3, 7)  (4, 8)  (5, 7)  (6, 6)  (7, 5)  (8, 4)  (7, 3)  (6, 2)  (5, 1)  (4, 2)  (3, 3)  (2, 4)  (2, 5)  (3, 6)  (4, 7)  (5, 6)  (6, 5)  (7, 4)  (6, 3)  (5, 2)  (4, 3)  (3, 4)  (3, 5)  (4, 6)  (5, 5)  (6, 4)  (5, 3)  (4, 4)  (4, 5)  (5, 4)  - stigla do cilja da vrijeme provedeno igrajuci: 5:2
	Figura 2 (SuperFastFigure, Zelena) - predjeni put  (0, 5)  (1, 6)  (2, 7)  (3, 8)  (4, 9)  (5, 8)  (6, 7)  (7, 6)  (8, 5)  (9, 4)  (8, 3)  (7, 2)  (6, 1)  (5, 0)  (4, 1)  (3, 2)  (2, 3)  (1, 4)  (1, 5)  (2, 6)  (3, 7)  (4, 8)  (5, 7)  (6, 6)  (7, 5)  (8, 4)  (7, 3)  (6, 2)  (5, 1)  (4, 2)  (3, 3)  (2, 4)  (2, 5)  (3, 6)  (4, 7)  (5, 6)  (6, 5)  (7, 4)  (6, 3)  (5, 2)  (4, 3)  (3, 4)  (3, 5)  (4, 6)  (5, 5)  (6, 4)  (5, 3)  (4, 4)  (4, 5)  (5, 4)  - stigla do cilja da vrijeme provedeno igrajuci: 2:37
	Figura 3 (SuperFastFigure, Zelena) - predjeni put  (0, 5)  (1, 6)  (2, 7)  (3, 8)  (4, 9)  (5, 8)  (6, 7)  (7, 6)  (8, 5)  (9, 4)  (8, 3)  (7, 2)  (6, 1)  (5, 0)  (4, 1)  (3, 2)  (2, 3)  (1, 4)  (1, 5)  (2, 6)  (3, 7)  (4, 8)  (5, 7)  (6, 6)  (7, 5)  (8, 4)  (7, 3)  (6, 2)  (5, 1)  (4, 2)  (3, 3)  (2, 4)  (2, 5)  (3, 6)  (4, 7)  (5, 6)  (6, 5)  (7, 4)  (6, 3)  (5, 2)  (4, 3)  (3, 4)  (3, 5)  (4, 6)  (5, 5)  (6, 4)  (5, 3)  (4, 4)  (4, 5)  (5, 4)  - stigla do cilja da vrijeme provedeno igrajuci: 1:40
	Figura 4 (SuperFastFigure, Zelena) - predjeni put  (0, 5)  (1, 6)  (2, 7)  (3, 8)  (4, 9)  (5, 8)  (6, 7)  (7, 6)  (8, 5)  (9, 4)  (8, 3)  (7, 2)  (6, 1)  (5, 0)  (4, 1)  (3, 2)  (2, 3)  (1, 4)  (1, 5)  (2, 6)  (3, 7)  (4, 8)  (5, 7)  (6, 6)  (7, 5)  (8, 4)  (7, 3)  (6, 2)  (5, 1)  (4, 2)  (3, 3)  (2, 4)  (2, 5)  (3, 6)  (4, 7)  (5, 6)  (6, 5)  (7, 4)  (6, 3)  (5, 2)  (4, 3)  (3, 4)  (3, 5)  (4, 6)  (5, 5)  (6, 4)  (5, 3)  (4, 4)  (4, 5)  (5, 4)  - stigla do cilja da vrijeme provedeno igrajuci: 1:45
Igrac - c
	Figura 1 (FlyingFigure, Zuta) - predjeni put  (0, 5)  (1, 6)  (2, 7)  (3, 8)  (4, 9)  (5, 8)  (6, 7)  (7, 6)  (8, 5)  (9, 4)  (8, 3)  (7, 2)  (6, 1)  (5, 0)  (4, 1)  (3, 2)  (2, 3)  (1, 4)  (1, 5)  (2, 6)  (3, 7)  (4, 8)  (5, 7)  (6, 6)  (7, 5)  (8, 4)  (7, 3)  (6, 2)  (5, 1)  (4, 2)  (3, 3)  (2, 4)  (2, 5)  (3, 6)  (4, 7)  (5, 6)  (6, 5)  (7, 4)  (6, 3)  (5, 2)  (4, 3)  (3, 4)  (3, 5)  (4, 6)  (5, 5)  (6, 4)  (5, 3)  (4, 4)  (4, 5)  (5, 4)  - stigla do cilja da vrijeme provedeno igrajuci: 3:44
	Figura 2 (RegularFigure, Zuta) - predjeni put  (0, 5)  (1, 6)  (2, 7)  (3, 8)  (4, 9)  (5, 8)  (6, 7)  (7, 6)  (8, 5)  (9, 4)  (8, 3)  (7, 2)  - stigla do cilja ne vrijeme provedeno igrajuci: 0:27
	Figura 3 (SuperFastFigure, Zuta) - predjeni put  (0, 5)  (1, 6)  (2, 7)  (3, 8)  (4, 9)  (5, 8)  (6, 7)  (7, 6)  (8, 5)  (9, 4)  (8, 3)  (7, 2)  (6, 1)  (5, 0)  (4, 1)  (3, 2)  (2, 3)  (1, 4)  (1, 5)  (2, 6)  (3, 7)  (4, 8)  (5, 7)  (6, 6)  (7, 5)  (8, 4)  (7, 3)  (6, 2)  (5, 1)  (4, 2)  (3, 3)  (2, 4)  (2, 5)  (3, 6)  (4, 7)  (5, 6)  (6, 5)  (7, 4)  (6, 3)  (5, 2)  (4, 3)  (3, 4)  (3, 5)  (4, 6)  (5, 5)  (6, 4)  (5, 3)  (4, 4)  (4, 5)  (5, 4)  - stigla do cilja da vrijeme provedeno igrajuci: 2:30
	Figura 4 (RegularFigure, Zuta) - predjeni put  (0, 5)  (1, 6)  (2, 7)  (3, 8)  (4, 9)  (5, 8)  (6, 7)  (7, 6)  (8, 5)  (9, 4)  (8, 3)  - stigla do cilja ne vrijeme provedeno igrajuci: 0:33
Igrac - d
	Figura 1 (FlyingFigure, Plava) - predjeni put  (0, 5)  (1, 6)  (2, 7)  (3, 8)  (4, 9)  (5, 8)  (6, 7)  (7, 6)  (8, 5)  (9, 4)  (8, 3)  (7, 2)  (6, 1)  (5, 0)  (4, 1)  (3, 2)  (2, 3)  (1, 4)  (1, 5)  (2, 6)  (3, 7)  (4, 8)  (5, 7)  (6, 6)  (7, 5)  (8, 4)  (7, 3)  (6, 2)  (5, 1)  (4, 2)  (3, 3)  (2, 4)  (2, 5)  (3, 6)  (4, 7)  (5, 6)  (6, 5)  (7, 4)  (6, 3)  (5, 2)  (4, 3)  (3, 4)  (3, 5)  (4, 6)  (5, 5)  (6, 4)  (5, 3)  (4, 4)  (4, 5)  (5, 4)  - stigla do cilja da vrijeme provedeno igrajuci: 7:34
	Figura 2 (FlyingFigure, Plava) - predjeni put  (0, 5)  (1, 6)  (2, 7)  (3, 8)  (4, 9)  (5, 8)  (6, 7)  (7, 6)  (8, 5)  (9, 4)  (8, 3)  (7, 2)  (6, 1)  (5, 0)  (4, 1)  (3, 2)  (2, 3)  (1, 4)  (1, 5)  (2, 6)  (3, 7)  (4, 8)  (5, 7)  (6, 6)  (7, 5)  (8, 4)  (7, 3)  (6, 2)  (5, 1)  (4, 2)  (3, 3)  (2, 4)  (2, 5)  (3, 6)  (4, 7)  (5, 6)  (6, 5)  (7, 4)  (6, 3)  (5, 2)  (4, 3)  (3, 4)  (3, 5)  (4, 6)  (5, 5)  (6, 4)  (5, 3)  (4, 4)  (4, 5)  (5, 4)  - stigla do cilja da vrijeme provedeno igrajuci: 3:56
	Figura 3 (SuperFastFigure, Plava) - predjeni put  (0, 5)  (1, 6)  (2, 7)  (3, 8)  (4, 9)  (5, 8)  (6, 7)  (7, 6)  (8, 5)  (9, 4)  (8, 3)  (7, 2)  (6, 1)  (5, 0)  (4, 1)  (3, 2)  (2, 3)  (1, 4)  (1, 5)  (2, 6)  (3, 7)  - stigla do cilja ne vrijeme provedeno igrajuci: 0:24
	Figura 4 (RegularFigure, Plava) - predjeni put  (0, 5)  (1, 6)  (2, 7)  - stigla do cilja ne vrijeme provedeno igrajuci: 0:3
Total Time: 00:13:03